19 19 19 19 20 172 365584 2125.488372 3900 798
15 17 15 17 20 172 365584 2125.488372 3900 365
16 18 16 18 20 172 365584 2125.488372 3900 1223
19 19 19 19 20 172 365584 2125.488372 3900 1216
19 12 12 19 20 172 365584 2125.488372 3900 935
16 16 16 16 20 172 365584 2125.488372 3900 479
15 19 15 19 20 172 365584 2125.488372 3900 1005
19 19 19 19 20 172 365584 2125.488372 3900 723
16 17 16 17 20 172 365584 2125.488372 3900 1334
16 19 16 19 20 172 365584 2125.488372 3900 1259
18 16 16 18 20 172 365584 2125.488372 3900 1009
19 15 15 19 20 172 365584 2125.488372 3900 615
18 15 15 18 20 172 365584 2125.488372 3900 1112
18 19 18 19 20 172 365584 2125.488372 3900 503
15 19 15 19 20 172 365584 2125.488372 3900 615
18 16 16 18 20 172 365584 2125.488372 3900 1011
18 16 16 18 20 172 365584 2125.488372 3900 1012
18 18 18 18 20 172 365584 2125.488372 3900 646
16 16 16 16 20 172 365584 2125.488372 3900 1306
18 19 18 19 20 172 365584 2125.488372 3900 985
12 14 12 14 20 172 365584 2125.488372 3900 1463
16 19 16 19 20 172 365584 2125.488372 3900 1400
18 16 16 18 20 172 365584 2125.488372 3900 1017
12 19 12 19 20 172 365584 2125.488372 3900 815
16 19 16 19 20 172 365584 2125.488372 3900 1636
16 12 12 16 20 172 365584 2125.488372 3900 1256
12 19 12 19 20 172 365584 2125.488372 3900 440
17 18 17 18 20 172 365584 2125.488372 3900 986
16 12 12 16 20 172 365584 2125.488372 3900 958
17 14 14 17 20 172 365584 2125.488372 3900 278
16 18 16 18 20 172 365584 2125.488372 3900 1223
18 18 18 18 20 172 365584 2125.488372 3900 644
12 18 12 18 20 172 365584 2125.488372 3900 595
19 16 16 19 20 172 365584 2125.488372 3900 1636
18 19 18 19 20 172 365584 2125.488372 3900 1266
16 19 16 19 20 172 365584 2125.488372 3900 1175
17 19 17 19 20 172 365584 2125.488372 3900 660
17 18 17 18 20 172 365584 2125.488372 3900 963
17 18 17 18 20 172 365584 2125.488372 3900 986
19 18 18 19 20 172 365584 2125.488372 3900 389
19 19 19 19 20 172 365584 2125.488372 3900 1216
12 18 12 18 20 172 365584 2125.488372 3900 595
16 18 16 18 20 172 365584 2125.488372 3900 520
16 18 16 18 20 172 365584 2125.488372 3900 935
19 18 18 19 20 172 365584 2125.488372 3900 1060
16 17 16 17 20 172 365584 2125.488372 3900 1082
18 15 15 18 20 172 365584 2125.488372 3900 583
16 19 16 19 20 172 365584 2125.488372 3900 1100
17 19 17 19 20 172 365584 2125.488372 3900 1209
19 16 16 19 20 172 365584 2125.488372 3900 1366
16 18 16 18 20 172 365584 2125.488372 3900 532
18 18 18 18 20 172 365584 2125.488372 3900 1049
18 19 18 19 20 172 365584 2125.488372 3900 1164
19 18 18 19 20 172 365584 2125.488372 3900 503
18 18 18 18 20 172 365584 2125.488372 3900 943
18 18 18 18 20 172 365584 2125.488372 3900 1004
19 18 18 19 20 172 365584 2125.488372 3900 757
19 17 17 19 20 172 365584 2125.488372 3900 998
18 19 18 19 20 172 365584 2125.488372 3900 1239
12 15 12 15 20 172 365584 2125.488372 3900 1399
19 17 17 19 20 172 365584 2125.488372 3900 998
18 12 12 18 20 172 365584 2125.488372 3900 1077
18 18 18 18 20 172 365584 2125.488372 3900 701
18 17 17 18 20 172 365584 2125.488372 3900 143
16 18 16 18 20 172 365584 2125.488372 3900 924
18 19 18 19 20 172 365584 2125.488372 3900 811
18 17 17 18 20 172 365584 2125.488372 3900 748
16 18 16 18 20 172 365584 2125.488372 3900 1017
18 16 16 18 20 172 365584 2125.488372 3900 1012
18 16 16 18 20 172 365584 2125.488372 3900 1576
17 14 14 17 20 172 365584 2125.488372 3900 278
18 19 18 19 20 172 365584 2125.488372 3900 1358
19 18 18 19 20 172 365584 2125.488372 3900 912
19 19 19 19 20 172 365584 2125.488372 3900 723
19 14 14 19 20 172 365584 2125.488372 3900 1092
19 16 16 19 20 172 365584 2125.488372 3900 377
15 18 15 18 20 172 365584 2125.488372 3900 1112
17 16 16 17 20 172 365584 2125.488372 3900 1283
17 18 17 18 20 172 365584 2125.488372 3900 375
19 17 17 19 20 172 365584 2125.488372 3900 938
12 18 12 18 20 172 365584 2125.488372 3900 774
16 14 14 16 20 172 365584 2125.488372 3900 1018
18 14 14 18 20 172 365584 2125.488372 3900 484
18 19 18 19 20 172 365584 2125.488372 3900 876
16 16 16 16 20 172 365584 2125.488372 3900 1544
16 18 16 18 20 172 365584 2125.488372 3900 1009
12 17 12 17 20 172 365584 2125.488372 3900 1219
19 18 18 19 20 172 365584 2125.488372 3900 866
18 18 18 18 20 172 365584 2125.488372 3900 228
18 18 18 18 20 172 365584 2125.488372 3900 718
18 12 12 18 20 172 365584 2125.488372 3900 1077
18 16 16 18 20 172 365584 2125.488372 3900 1011
16 19 16 19 20 172 365584 2125.488372 3900 1366
18 16 16 18 20 172 365584 2125.488372 3900 1011
18 19 18 19 20 172 365584 2125.488372 3900 1251
19 16 16 19 20 172 365584 2125.488372 3900 1175
18 18 18 18 20 172 365584 2125.488372 3900 715
18 18 18 18 20 172 365584 2125.488372 3900 943
18 15 15 18 20 172 365584 2125.488372 3900 625
14 18 14 18 20 172 365584 2125.488372 3900 621
