19 18 18 19 20 179 364768 2037.810056 3959 46
18 17 17 18 20 179 364768 2037.810056 3959 858
18 19 18 19 20 179 364768 2037.810056 3959 695
19 17 17 19 20 179 364768 2037.810056 3959 991
19 17 17 19 20 179 364768 2037.810056 3959 22
18 19 18 19 20 179 364768 2037.810056 3959 987
19 16 16 19 20 179 364768 2037.810056 3959 659
16 19 16 19 20 179 364768 2037.810056 3959 2558
19 16 16 19 20 179 364768 2037.810056 3959 1159
18 16 16 18 20 179 364768 2037.810056 3959 2963
16 18 16 18 20 179 364768 2037.810056 3959 216
19 19 19 19 20 179 364768 2037.810056 3959 821
18 18 18 18 20 179 364768 2037.810056 3959 278
18 19 18 19 20 179 364768 2037.810056 3959 1988
18 18 18 18 20 179 364768 2037.810056 3959 596
18 16 16 18 20 179 364768 2037.810056 3959 706
18 19 18 19 20 179 364768 2037.810056 3959 1418
19 18 18 19 20 179 364768 2037.810056 3959 322
18 18 18 18 20 179 364768 2037.810056 3959 700
18 18 18 18 20 179 364768 2037.810056 3959 1535
18 16 16 18 20 179 364768 2037.810056 3959 1944
19 19 19 19 20 179 364768 2037.810056 3959 1566
18 16 16 18 20 179 364768 2037.810056 3959 1997
19 18 18 19 20 179 364768 2037.810056 3959 44
18 18 18 18 20 179 364768 2037.810056 3959 776
17 16 16 17 20 179 364768 2037.810056 3959 153
19 18 18 19 20 179 364768 2037.810056 3959 477
16 16 16 16 20 179 364768 2037.810056 3959 421
19 16 16 19 20 179 364768 2037.810056 3959 684
18 16 16 18 20 179 364768 2037.810056 3959 1944
18 19 18 19 20 179 364768 2037.810056 3959 953
18 19 18 19 20 179 364768 2037.810056 3959 695
18 16 16 18 20 179 364768 2037.810056 3959 385
19 18 18 19 20 179 364768 2037.810056 3959 976
16 16 16 16 20 179 364768 2037.810056 3959 421
19 18 18 19 20 179 364768 2037.810056 3959 296
19 18 18 19 20 179 364768 2037.810056 3959 342
17 18 17 18 20 179 364768 2037.810056 3959 930
19 16 16 19 20 179 364768 2037.810056 3959 521
18 19 18 19 20 179 364768 2037.810056 3959 149
17 19 17 19 20 179 364768 2037.810056 3959 365
18 18 18 18 20 179 364768 2037.810056 3959 582
19 16 16 19 20 179 364768 2037.810056 3959 1676
18 18 18 18 20 179 364768 2037.810056 3959 1460
18 18 18 18 20 179 364768 2037.810056 3959 223
16 18 16 18 20 179 364768 2037.810056 3959 2963
18 19 18 19 20 179 364768 2037.810056 3959 316
19 19 19 19 20 179 364768 2037.810056 3959 821
18 18 18 18 20 179 364768 2037.810056 3959 741
17 18 17 18 20 179 364768 2037.810056 3959 425
19 17 17 19 20 179 364768 2037.810056 3959 991
19 19 19 19 20 179 364768 2037.810056 3959 1566
17 18 17 18 20 179 364768 2037.810056 3959 344
19 17 17 19 20 179 364768 2037.810056 3959 22
19 19 19 19 20 179 364768 2037.810056 3959 1034
17 17 17 17 20 179 364768 2037.810056 3959 255
18 17 17 18 20 179 364768 2037.810056 3959 930
17 16 16 17 20 179 364768 2037.810056 3959 319
18 18 18 18 20 179 364768 2037.810056 3959 344
19 16 16 19 20 179 364768 2037.810056 3959 659
18 18 18 18 20 179 364768 2037.810056 3959 451
19 18 18 19 20 179 364768 2037.810056 3959 1171
19 18 18 19 20 179 364768 2037.810056 3959 1040
19 18 18 19 20 179 364768 2037.810056 3959 44
18 18 18 18 20 179 364768 2037.810056 3959 523
18 18 18 18 20 179 364768 2037.810056 3959 776
19 18 18 19 20 179 364768 2037.810056 3959 867
19 19 19 19 20 179 364768 2037.810056 3959 911
19 19 19 19 20 179 364768 2037.810056 3959 1034
18 19 18 19 20 179 364768 2037.810056 3959 1258
18 19 18 19 20 179 364768 2037.810056 3959 385
18 18 18 18 20 179 364768 2037.810056 3959 771
17 19 17 19 20 179 364768 2037.810056 3959 202
19 18 18 19 20 179 364768 2037.810056 3959 1180
16 19 16 19 20 179 364768 2037.810056 3959 660
18 18 18 18 20 179 364768 2037.810056 3959 1342
18 18 18 18 20 179 364768 2037.810056 3959 378
19 17 17 19 20 179 364768 2037.810056 3959 630
19 19 19 19 20 179 364768 2037.810056 3959 1084
18 19 18 19 20 179 364768 2037.810056 3959 695
18 16 16 18 20 179 364768 2037.810056 3959 1718
17 16 16 17 20 179 364768 2037.810056 3959 2033
18 18 18 18 20 179 364768 2037.810056 3959 341
19 18 18 19 20 179 364768 2037.810056 3959 869
16 18 16 18 20 179 364768 2037.810056 3959 726
18 19 18 19 20 179 364768 2037.810056 3959 453
18 18 18 18 20 179 364768 2037.810056 3959 1299
18 18 18 18 20 179 364768 2037.810056 3959 1012
19 18 18 19 20 179 364768 2037.810056 3959 897
19 17 17 19 20 179 364768 2037.810056 3959 630
19 18 18 19 20 179 364768 2037.810056 3959 695
16 19 16 19 20 179 364768 2037.810056 3959 1004
16 18 16 18 20 179 364768 2037.810056 3959 259
18 18 18 18 20 179 364768 2037.810056 3959 718
18 16 16 18 20 179 364768 2037.810056 3959 1083
19 18 18 19 20 179 364768 2037.810056 3959 385
19 18 18 19 20 179 364768 2037.810056 3959 477
18 16 16 18 20 179 364768 2037.810056 3959 637
19 16 16 19 20 179 364768 2037.810056 3959 100
18 19 18 19 20 179 364768 2037.810056 3959 1062
