17 18 17 18 20 175 348430 1991.028571 3960 793
17 17 17 17 20 175 348430 1991.028571 3960 893
19 17 17 19 20 175 348430 1991.028571 3960 501
18 18 18 18 20 175 348430 1991.028571 3960 435
17 16 16 17 20 175 348430 1991.028571 3960 519
19 18 18 19 20 175 348430 1991.028571 3960 985
16 17 16 17 20 175 348430 1991.028571 3960 1223
18 17 17 18 20 175 348430 1991.028571 3960 903
19 19 19 19 20 175 348430 1991.028571 3960 432
17 19 17 19 20 175 348430 1991.028571 3960 501
18 18 18 18 20 175 348430 1991.028571 3960 615
19 18 18 19 20 175 348430 1991.028571 3960 687
19 17 17 19 20 175 348430 1991.028571 3960 1079
18 17 17 18 20 175 348430 1991.028571 3960 1132
17 18 17 18 20 175 348430 1991.028571 3960 960
17 17 17 17 20 175 348430 1991.028571 3960 1665
18 18 18 18 20 175 348430 1991.028571 3960 235
17 18 17 18 20 175 348430 1991.028571 3960 533
17 14 14 17 20 175 348430 1991.028571 3960 643
18 19 18 19 20 175 348430 1991.028571 3960 762
17 18 17 18 20 175 348430 1991.028571 3960 886
18 17 17 18 20 175 348430 1991.028571 3960 783
17 14 14 17 20 175 348430 1991.028571 3960 490
17 18 17 18 20 175 348430 1991.028571 3960 824
19 14 14 19 20 175 348430 1991.028571 3960 172
17 18 17 18 20 175 348430 1991.028571 3960 824
17 17 17 17 20 175 348430 1991.028571 3960 790
18 18 18 18 20 175 348430 1991.028571 3960 850
19 18 18 19 20 175 348430 1991.028571 3960 601
19 18 18 19 20 175 348430 1991.028571 3960 309
17 18 17 18 20 175 348430 1991.028571 3960 903
18 19 18 19 20 175 348430 1991.028571 3960 798
17 18 17 18 20 175 348430 1991.028571 3960 530
18 18 18 18 20 175 348430 1991.028571 3960 840
17 18 17 18 20 175 348430 1991.028571 3960 740
18 19 18 19 20 175 348430 1991.028571 3960 798
18 18 18 18 20 175 348430 1991.028571 3960 615
18 18 18 18 20 175 348430 1991.028571 3960 883
18 18 18 18 20 175 348430 1991.028571 3960 582
18 19 18 19 20 175 348430 1991.028571 3960 798
14 17 14 17 20 175 348430 1991.028571 3960 686
18 18 18 18 20 175 348430 1991.028571 3960 826
18 18 18 18 20 175 348430 1991.028571 3960 448
19 17 17 19 20 175 348430 1991.028571 3960 318
17 17 17 17 20 175 348430 1991.028571 3960 813
19 17 17 19 20 175 348430 1991.028571 3960 501
17 18 17 18 20 175 348430 1991.028571 3960 1510
18 17 17 18 20 175 348430 1991.028571 3960 319
18 18 18 18 20 175 348430 1991.028571 3960 840
17 18 17 18 20 175 348430 1991.028571 3960 1510
19 18 18 19 20 175 348430 1991.028571 3960 372
17 17 17 17 20 175 348430 1991.028571 3960 795
18 18 18 18 20 175 348430 1991.028571 3960 617
17 18 17 18 20 175 348430 1991.028571 3960 713
18 18 18 18 20 175 348430 1991.028571 3960 615
18 14 14 18 20 175 348430 1991.028571 3960 992
18 16 16 18 20 175 348430 1991.028571 3960 784
17 14 14 17 20 175 348430 1991.028571 3960 783
17 19 17 19 20 175 348430 1991.028571 3960 982
17 17 17 17 20 175 348430 1991.028571 3960 1242
18 14 14 18 20 175 348430 1991.028571 3960 913
17 18 17 18 20 175 348430 1991.028571 3960 1132
18 14 14 18 20 175 348430 1991.028571 3960 421
18 17 17 18 20 175 348430 1991.028571 3960 740
17 18 17 18 20 175 348430 1991.028571 3960 1214
17 16 16 17 20 175 348430 1991.028571 3960 717
18 18 18 18 20 175 348430 1991.028571 3960 826
18 17 17 18 20 175 348430 1991.028571 3960 1105
16 17 16 17 20 175 348430 1991.028571 3960 717
18 18 18 18 20 175 348430 1991.028571 3960 652
18 17 17 18 20 175 348430 1991.028571 3960 319
18 17 17 18 20 175 348430 1991.028571 3960 793
18 19 18 19 20 175 348430 1991.028571 3960 168
19 18 18 19 20 175 348430 1991.028571 3960 1196
17 18 17 18 20 175 348430 1991.028571 3960 983
18 17 17 18 20 175 348430 1991.028571 3960 738
17 14 14 17 20 175 348430 1991.028571 3960 465
19 18 18 19 20 175 348430 1991.028571 3960 820
18 17 17 18 20 175 348430 1991.028571 3960 1105
17 19 17 19 20 175 348430 1991.028571 3960 982
17 17 17 17 20 175 348430 1991.028571 3960 1115
16 14 14 16 20 175 348430 1991.028571 3960 1205
18 17 17 18 20 175 348430 1991.028571 3960 783
18 18 18 18 20 175 348430 1991.028571 3960 856
18 19 18 19 20 175 348430 1991.028571 3960 985
17 17 17 17 20 175 348430 1991.028571 3960 685
19 19 19 19 20 175 348430 1991.028571 3960 432
18 18 18 18 20 175 348430 1991.028571 3960 448
17 19 17 19 20 175 348430 1991.028571 3960 314
18 14 14 18 20 175 348430 1991.028571 3960 992
17 18 17 18 20 175 348430 1991.028571 3960 616
18 19 18 19 20 175 348430 1991.028571 3960 687
17 17 17 17 20 175 348430 1991.028571 3960 1665
14 18 14 18 20 175 348430 1991.028571 3960 992
18 19 18 19 20 175 348430 1991.028571 3960 770
17 18 17 18 20 175 348430 1991.028571 3960 209
16 17 16 17 20 175 348430 1991.028571 3960 1223
18 16 16 18 20 175 348430 1991.028571 3960 1203
19 17 17 19 20 175 348430 1991.028571 3960 285
19 18 18 19 20 175 348430 1991.028571 3960 985
