19 16 16 19 20 173 338846 1958.647399 3954 835
16 18 16 18 20 173 338846 1958.647399 3954 489
18 18 18 18 20 173 338846 1958.647399 3954 439
19 18 18 19 20 173 338846 1958.647399 3954 878
19 14 14 19 20 173 338846 1958.647399 3954 936
17 16 16 17 20 173 338846 1958.647399 3954 257
18 18 18 18 20 173 338846 1958.647399 3954 870
16 19 16 19 20 173 338846 1958.647399 3954 162
18 18 18 18 20 173 338846 1958.647399 3954 792
18 19 18 19 20 173 338846 1958.647399 3954 878
15 18 15 18 20 173 338846 1958.647399 3954 883
18 17 17 18 20 173 338846 1958.647399 3954 328
17 18 17 18 20 173 338846 1958.647399 3954 822
18 18 18 18 20 173 338846 1958.647399 3954 1108
17 18 17 18 20 173 338846 1958.647399 3954 1693
16 17 16 17 20 173 338846 1958.647399 3954 1110
17 15 15 17 20 173 338846 1958.647399 3954 818
18 18 18 18 20 173 338846 1958.647399 3954 1016
19 17 17 19 20 173 338846 1958.647399 3954 1350
16 18 16 18 20 173 338846 1958.647399 3954 627
14 15 14 15 20 173 338846 1958.647399 3954 706
15 16 15 16 20 173 338846 1958.647399 3954 454
18 14 14 18 20 173 338846 1958.647399 3954 893
14 17 14 17 20 173 338846 1958.647399 3954 169
18 17 17 18 20 173 338846 1958.647399 3954 23
18 18 18 18 20 173 338846 1958.647399 3954 347
18 17 17 18 20 173 338846 1958.647399 3954 1085
17 18 17 18 20 173 338846 1958.647399 3954 328
14 18 14 18 20 173 338846 1958.647399 3954 893
17 14 14 17 20 173 338846 1958.647399 3954 997
17 18 17 18 20 173 338846 1958.647399 3954 798
17 18 17 18 20 173 338846 1958.647399 3954 760
17 18 17 18 20 173 338846 1958.647399 3954 466
18 17 17 18 20 173 338846 1958.647399 3954 943
16 14 14 16 20 173 338846 1958.647399 3954 196
18 19 18 19 20 173 338846 1958.647399 3954 535
16 16 16 16 20 173 338846 1958.647399 3954 769
18 18 18 18 20 173 338846 1958.647399 3954 730
18 18 18 18 20 173 338846 1958.647399 3954 439
18 16 16 18 20 173 338846 1958.647399 3954 973
18 16 16 18 20 173 338846 1958.647399 3954 1062
14 17 14 17 20 173 338846 1958.647399 3954 169
18 16 16 18 20 173 338846 1958.647399 3954 916
17 16 16 17 20 173 338846 1958.647399 3954 462
18 16 16 18 20 173 338846 1958.647399 3954 429
17 18 17 18 20 173 338846 1958.647399 3954 941
17 18 17 18 20 173 338846 1958.647399 3954 769
18 16 16 18 20 173 338846 1958.647399 3954 966
18 17 17 18 20 173 338846 1958.647399 3954 560
18 18 18 18 20 173 338846 1958.647399 3954 675
18 18 18 18 20 173 338846 1958.647399 3954 1360
17 16 16 17 20 173 338846 1958.647399 3954 257
15 16 15 16 20 173 338846 1958.647399 3954 454
16 18 16 18 20 173 338846 1958.647399 3954 796
18 19 18 19 20 173 338846 1958.647399 3954 1183
18 17 17 18 20 173 338846 1958.647399 3954 1085
14 18 14 18 20 173 338846 1958.647399 3954 192
18 18 18 18 20 173 338846 1958.647399 3954 316
18 18 18 18 20 173 338846 1958.647399 3954 285
18 17 17 18 20 173 338846 1958.647399 3954 521
17 19 17 19 20 173 338846 1958.647399 3954 1079
16 19 16 19 20 173 338846 1958.647399 3954 799
18 18 18 18 20 173 338846 1958.647399 3954 1380
17 18 17 18 20 173 338846 1958.647399 3954 1037
18 17 17 18 20 173 338846 1958.647399 3954 798
18 18 18 18 20 173 338846 1958.647399 3954 972
16 18 16 18 20 173 338846 1958.647399 3954 46
18 16 16 18 20 173 338846 1958.647399 3954 1198
18 15 15 18 20 173 338846 1958.647399 3954 854
16 18 16 18 20 173 338846 1958.647399 3954 427
18 18 18 18 20 173 338846 1958.647399 3954 675
16 17 16 17 20 173 338846 1958.647399 3954 1294
16 18 16 18 20 173 338846 1958.647399 3954 1287
18 18 18 18 20 173 338846 1958.647399 3954 1255
17 18 17 18 20 173 338846 1958.647399 3954 454
18 19 18 19 20 173 338846 1958.647399 3954 845
17 17 17 17 20 173 338846 1958.647399 3954 351
15 16 15 16 20 173 338846 1958.647399 3954 890
16 18 16 18 20 173 338846 1958.647399 3954 1334
18 17 17 18 20 173 338846 1958.647399 3954 1085
16 18 16 18 20 173 338846 1958.647399 3954 928
18 16 16 18 20 173 338846 1958.647399 3954 817
18 19 18 19 20 173 338846 1958.647399 3954 1245
18 18 18 18 20 173 338846 1958.647399 3954 792
17 18 17 18 20 173 338846 1958.647399 3954 1693
19 17 17 19 20 173 338846 1958.647399 3954 1115
18 16 16 18 20 173 338846 1958.647399 3954 796
18 19 18 19 20 173 338846 1958.647399 3954 597
18 16 16 18 20 173 338846 1958.647399 3954 1062
19 18 18 19 20 173 338846 1958.647399 3954 1183
18 19 18 19 20 173 338846 1958.647399 3954 751
17 17 17 17 20 173 338846 1958.647399 3954 828
18 18 18 18 20 173 338846 1958.647399 3954 1276
18 19 18 19 20 173 338846 1958.647399 3954 1285
19 18 18 19 20 173 338846 1958.647399 3954 878
16 19 16 19 20 173 338846 1958.647399 3954 799
18 16 16 18 20 173 338846 1958.647399 3954 429
16 18 16 18 20 173 338846 1958.647399 3954 916
18 18 18 18 20 173 338846 1958.647399 3954 918
19 16 16 19 20 173 338846 1958.647399 3954 799
