19 17 17 19 20 164 365272 2227.268293 3973 669
15 16 15 16 20 164 365272 2227.268293 3973 58
14 16 14 16 20 164 365272 2227.268293 3973 790
17 14 14 17 20 164 365272 2227.268293 3973 559
15 17 15 17 20 164 365272 2227.268293 3973 1252
15 13 13 15 20 164 365272 2227.268293 3973 912
17 15 15 17 20 164 365272 2227.268293 3973 1598
17 17 17 17 20 164 365272 2227.268293 3973 732
19 16 16 19 20 164 365272 2227.268293 3973 1987
17 16 16 17 20 164 365272 2227.268293 3973 131
19 19 19 19 20 164 365272 2227.268293 3973 2250
17 19 17 19 20 164 365272 2227.268293 3973 418
13 17 13 17 20 164 365272 2227.268293 3973 777
19 13 13 19 20 164 365272 2227.268293 3973 760
14 19 14 19 20 164 365272 2227.268293 3973 924
17 16 16 17 20 164 365272 2227.268293 3973 1212
19 19 19 19 20 164 365272 2227.268293 3973 2250
17 19 17 19 20 164 365272 2227.268293 3973 669
19 17 17 19 20 164 365272 2227.268293 3973 1404
16 17 16 17 20 164 365272 2227.268293 3973 1156
17 19 17 19 20 164 365272 2227.268293 3973 669
15 19 15 19 20 164 365272 2227.268293 3973 1723
19 15 15 19 20 164 365272 2227.268293 3973 937
16 17 16 17 20 164 365272 2227.268293 3973 1156
15 17 15 17 20 164 365272 2227.268293 3973 2554
13 15 13 15 20 164 365272 2227.268293 3973 1506
13 15 13 15 20 164 365272 2227.268293 3973 852
17 16 16 17 20 164 365272 2227.268293 3973 402
16 15 15 16 20 164 365272 2227.268293 3973 403
15 16 15 16 20 164 365272 2227.268293 3973 403
15 17 15 17 20 164 365272 2227.268293 3973 570
17 17 17 17 20 164 365272 2227.268293 3973 1325
15 15 15 15 20 164 365272 2227.268293 3973 314
15 17 15 17 20 164 365272 2227.268293 3973 988
15 15 15 15 20 164 365272 2227.268293 3973 1854
19 19 19 19 20 164 365272 2227.268293 3973 1561
16 15 15 16 20 164 365272 2227.268293 3973 629
17 15 15 17 20 164 365272 2227.268293 3973 977
17 14 14 17 20 164 365272 2227.268293 3973 559
17 15 15 17 20 164 365272 2227.268293 3973 1556
17 18 17 18 20 164 365272 2227.268293 3973 975
18 15 15 18 20 164 365272 2227.268293 3973 510
15 16 15 16 20 164 365272 2227.268293 3973 924
18 17 17 18 20 164 365272 2227.268293 3973 1334
15 17 15 17 20 164 365272 2227.268293 3973 139
15 14 14 15 20 164 365272 2227.268293 3973 1301
15 17 15 17 20 164 365272 2227.268293 3973 189
19 15 15 19 20 164 365272 2227.268293 3973 1723
16 18 16 18 20 164 365272 2227.268293 3973 913
16 16 16 16 20 164 365272 2227.268293 3973 461
13 17 13 17 20 164 365272 2227.268293 3973 725
17 14 14 17 20 164 365272 2227.268293 3973 1636
16 19 16 19 20 164 365272 2227.268293 3973 1987
15 17 15 17 20 164 365272 2227.268293 3973 789
16 13 13 16 20 164 365272 2227.268293 3973 310
17 19 17 19 20 164 365272 2227.268293 3973 2492
17 16 16 17 20 164 365272 2227.268293 3973 1212
17 15 15 17 20 164 365272 2227.268293 3973 1598
17 15 15 17 20 164 365272 2227.268293 3973 1361
16 19 16 19 20 164 365272 2227.268293 3973 768
17 17 17 17 20 164 365272 2227.268293 3973 770
17 19 17 19 20 164 365272 2227.268293 3973 418
15 17 15 17 20 164 365272 2227.268293 3973 1764
13 16 13 16 20 164 365272 2227.268293 3973 310
19 17 17 19 20 164 365272 2227.268293 3973 1150
13 17 13 17 20 164 365272 2227.268293 3973 1029
18 19 18 19 20 164 365272 2227.268293 3973 1027
15 17 15 17 20 164 365272 2227.268293 3973 2554
16 17 16 17 20 164 365272 2227.268293 3973 1156
19 15 15 19 20 164 365272 2227.268293 3973 162
17 17 17 17 20 164 365272 2227.268293 3973 654
15 16 15 16 20 164 365272 2227.268293 3973 1196
17 15 15 17 20 164 365272 2227.268293 3973 1841
15 17 15 17 20 164 365272 2227.268293 3973 1252
15 13 13 15 20 164 365272 2227.268293 3973 1506
19 17 17 19 20 164 365272 2227.268293 3973 1136
17 15 15 17 20 164 365272 2227.268293 3973 2078
16 19 16 19 20 164 365272 2227.268293 3973 575
15 19 15 19 20 164 365272 2227.268293 3973 2065
17 17 17 17 20 164 365272 2227.268293 3973 1167
17 14 14 17 20 164 365272 2227.268293 3973 1070
15 19 15 19 20 164 365272 2227.268293 3973 2065
19 18 18 19 20 164 365272 2227.268293 3973 1027
17 17 17 17 20 164 365272 2227.268293 3973 1119
15 17 15 17 20 164 365272 2227.268293 3973 793
15 13 13 15 20 164 365272 2227.268293 3973 852
17 17 17 17 20 164 365272 2227.268293 3973 1271
16 16 16 16 20 164 365272 2227.268293 3973 461
13 15 13 15 20 164 365272 2227.268293 3973 852
16 19 16 19 20 164 365272 2227.268293 3973 768
19 17 17 19 20 164 365272 2227.268293 3973 1520
19 17 17 19 20 164 365272 2227.268293 3973 802
17 16 16 17 20 164 365272 2227.268293 3973 59
17 17 17 17 20 164 365272 2227.268293 3973 1119
17 16 16 17 20 164 365272 2227.268293 3973 785
15 14 14 15 20 164 365272 2227.268293 3973 997
16 16 16 16 20 164 365272 2227.268293 3973 461
16 18 16 18 20 164 365272 2227.268293 3973 452
17 15 15 17 20 164 365272 2227.268293 3973 1598
17 15 15 17 20 164 365272 2227.268293 3973 980
