18 18 18 18 20 170 335948 1976.164706 3988 420
14 17 14 17 20 170 335948 1976.164706 3988 354
17 18 17 18 20 170 335948 1976.164706 3988 1325
16 16 16 16 20 170 335948 1976.164706 3988 1007
17 16 16 17 20 170 335948 1976.164706 3988 514
18 19 18 19 20 170 335948 1976.164706 3988 106
14 17 14 17 20 170 335948 1976.164706 3988 403
16 18 16 18 20 170 335948 1976.164706 3988 702
16 17 16 17 20 170 335948 1976.164706 3988 5
18 16 16 18 20 170 335948 1976.164706 3988 1330
18 14 14 18 20 170 335948 1976.164706 3988 1479
15 16 15 16 20 170 335948 1976.164706 3988 405
18 18 18 18 20 170 335948 1976.164706 3988 654
18 17 17 18 20 170 335948 1976.164706 3988 871
16 18 16 18 20 170 335948 1976.164706 3988 610
19 18 18 19 20 170 335948 1976.164706 3988 1295
18 14 14 18 20 170 335948 1976.164706 3988 347
18 18 18 18 20 170 335948 1976.164706 3988 978
18 18 18 18 20 170 335948 1976.164706 3988 219
14 18 14 18 20 170 335948 1976.164706 3988 1479
16 16 16 16 20 170 335948 1976.164706 3988 894
17 17 17 17 20 170 335948 1976.164706 3988 544
17 18 17 18 20 170 335948 1976.164706 3988 1325
16 18 16 18 20 170 335948 1976.164706 3988 145
16 18 16 18 20 170 335948 1976.164706 3988 759
16 18 16 18 20 170 335948 1976.164706 3988 1330
18 18 18 18 20 170 335948 1976.164706 3988 304
18 16 16 18 20 170 335948 1976.164706 3988 784
18 16 16 18 20 170 335948 1976.164706 3988 427
15 18 15 18 20 170 335948 1976.164706 3988 144
14 18 14 18 20 170 335948 1976.164706 3988 347
18 16 16 18 20 170 335948 1976.164706 3988 332
18 18 18 18 20 170 335948 1976.164706 3988 1304
18 16 16 18 20 170 335948 1976.164706 3988 550
14 15 14 15 20 170 335948 1976.164706 3988 329
16 17 16 17 20 170 335948 1976.164706 3988 182
16 16 16 16 20 170 335948 1976.164706 3988 602
16 18 16 18 20 170 335948 1976.164706 3988 347
16 18 16 18 20 170 335948 1976.164706 3988 368
18 18 18 18 20 170 335948 1976.164706 3988 1284
14 16 14 16 20 170 335948 1976.164706 3988 774
16 17 16 17 20 170 335948 1976.164706 3988 511
18 16 16 18 20 170 335948 1976.164706 3988 347
18 17 17 18 20 170 335948 1976.164706 3988 769
17 18 17 18 20 170 335948 1976.164706 3988 663
18 16 16 18 20 170 335948 1976.164706 3988 907
16 18 16 18 20 170 335948 1976.164706 3988 261
16 18 16 18 20 170 335948 1976.164706 3988 261
18 18 18 18 20 170 335948 1976.164706 3988 487
18 18 18 18 20 170 335948 1976.164706 3988 1085
18 18 18 18 20 170 335948 1976.164706 3988 123
18 16 16 18 20 170 335948 1976.164706 3988 633
18 18 18 18 20 170 335948 1976.164706 3988 1284
16 17 16 17 20 170 335948 1976.164706 3988 426
18 18 18 18 20 170 335948 1976.164706 3988 304
18 18 18 18 20 170 335948 1976.164706 3988 523
18 18 18 18 20 170 335948 1976.164706 3988 1284
14 18 14 18 20 170 335948 1976.164706 3988 530
14 18 14 18 20 170 335948 1976.164706 3988 530
16 18 16 18 20 170 335948 1976.164706 3988 603
16 16 16 16 20 170 335948 1976.164706 3988 876
17 18 17 18 20 170 335948 1976.164706 3988 109
16 18 16 18 20 170 335948 1976.164706 3988 321
16 18 16 18 20 170 335948 1976.164706 3988 741
16 18 16 18 20 170 335948 1976.164706 3988 420
18 15 15 18 20 170 335948 1976.164706 3988 700
18 18 18 18 20 170 335948 1976.164706 3988 166
18 18 18 18 20 170 335948 1976.164706 3988 1251
16 16 16 16 20 170 335948 1976.164706 3988 1052
16 16 16 16 20 170 335948 1976.164706 3988 666
16 16 16 16 20 170 335948 1976.164706 3988 466
18 16 16 18 20 170 335948 1976.164706 3988 551
14 17 14 17 20 170 335948 1976.164706 3988 354
18 17 17 18 20 170 335948 1976.164706 3988 213
16 15 15 16 20 170 335948 1976.164706 3988 405
18 18 18 18 20 170 335948 1976.164706 3988 306
14 16 14 16 20 170 335948 1976.164706 3988 157
18 18 18 18 20 170 335948 1976.164706 3988 556
18 15 15 18 20 170 335948 1976.164706 3988 1229
19 16 16 19 20 170 335948 1976.164706 3988 508
17 18 17 18 20 170 335948 1976.164706 3988 287
18 16 16 18 20 170 335948 1976.164706 3988 402
18 17 17 18 20 170 335948 1976.164706 3988 871
14 16 14 16 20 170 335948 1976.164706 3988 774
16 17 16 17 20 170 335948 1976.164706 3988 426
14 18 14 18 20 170 335948 1976.164706 3988 530
18 16 16 18 20 170 335948 1976.164706 3988 427
19 18 18 19 20 170 335948 1976.164706 3988 44
16 18 16 18 20 170 335948 1976.164706 3988 502
17 16 16 17 20 170 335948 1976.164706 3988 591
18 16 16 18 20 170 335948 1976.164706 3988 385
16 17 16 17 20 170 335948 1976.164706 3988 474
19 16 16 19 20 170 335948 1976.164706 3988 508
18 18 18 18 20 170 335948 1976.164706 3988 166
18 16 16 18 20 170 335948 1976.164706 3988 261
18 18 18 18 20 170 335948 1976.164706 3988 385
18 15 15 18 20 170 335948 1976.164706 3988 1229
18 19 18 19 20 170 335948 1976.164706 3988 401
18 18 18 18 20 170 335948 1976.164706 3988 183
17 19 17 19 20 170 335948 1976.164706 3988 541
