18 17 17 18 20 167 317410 1900.658683 3927 1179
18 17 17 18 20 167 317410 1900.658683 3927 201
17 14 14 17 20 167 317410 1900.658683 3927 1082
16 19 16 19 20 167 317410 1900.658683 3927 415
14 17 14 17 20 167 317410 1900.658683 3927 740
16 15 15 16 20 167 317410 1900.658683 3927 1050
17 16 16 17 20 167 317410 1900.658683 3927 684
16 17 16 17 20 167 317410 1900.658683 3927 326
17 16 16 17 20 167 317410 1900.658683 3927 751
17 14 14 17 20 167 317410 1900.658683 3927 930
17 17 17 17 20 167 317410 1900.658683 3927 634
17 16 16 17 20 167 317410 1900.658683 3927 424
17 17 17 17 20 167 317410 1900.658683 3927 572
17 17 17 17 20 167 317410 1900.658683 3927 114
17 17 17 17 20 167 317410 1900.658683 3927 448
19 18 18 19 20 167 317410 1900.658683 3927 435
16 17 16 17 20 167 317410 1900.658683 3927 424
18 17 17 18 20 167 317410 1900.658683 3927 874
17 17 17 17 20 167 317410 1900.658683 3927 787
17 17 17 17 20 167 317410 1900.658683 3927 448
18 17 17 18 20 167 317410 1900.658683 3927 308
16 14 14 16 20 167 317410 1900.658683 3927 1677
17 17 17 17 20 167 317410 1900.658683 3927 763
15 16 15 16 20 167 317410 1900.658683 3927 450
17 17 17 17 20 167 317410 1900.658683 3927 369
18 14 14 18 20 167 317410 1900.658683 3927 860
16 16 16 16 20 167 317410 1900.658683 3927 1365
17 18 17 18 20 167 317410 1900.658683 3927 1065
14 16 14 16 20 167 317410 1900.658683 3927 833
18 17 17 18 20 167 317410 1900.658683 3927 1371
17 17 17 17 20 167 317410 1900.658683 3927 131
16 16 16 16 20 167 317410 1900.658683 3927 1040
14 19 14 19 20 167 317410 1900.658683 3927 425
17 16 16 17 20 167 317410 1900.658683 3927 757
16 15 15 16 20 167 317410 1900.658683 3927 610
19 17 17 19 20 167 317410 1900.658683 3927 505
17 17 17 17 20 167 317410 1900.658683 3927 642
17 16 16 17 20 167 317410 1900.658683 3927 293
17 17 17 17 20 167 317410 1900.658683 3927 885
17 16 16 17 20 167 317410 1900.658683 3927 844
16 15 15 16 20 167 317410 1900.658683 3927 1050
17 17 17 17 20 167 317410 1900.658683 3927 1006
17 17 17 17 20 167 317410 1900.658683 3927 448
16 17 16 17 20 167 317410 1900.658683 3927 1284
18 16 16 18 20 167 317410 1900.658683 3927 265
17 17 17 17 20 167 317410 1900.658683 3927 569
18 16 16 18 20 167 317410 1900.658683 3927 741
16 19 16 19 20 167 317410 1900.658683 3927 415
18 16 16 18 20 167 317410 1900.658683 3927 223
17 16 16 17 20 167 317410 1900.658683 3927 103
17 14 14 17 20 167 317410 1900.658683 3927 807
19 17 17 19 20 167 317410 1900.658683 3927 657
18 16 16 18 20 167 317410 1900.658683 3927 472
17 16 16 17 20 167 317410 1900.658683 3927 757
17 17 17 17 20 167 317410 1900.658683 3927 600
18 17 17 18 20 167 317410 1900.658683 3927 1065
18 16 16 18 20 167 317410 1900.658683 3927 1494
16 16 16 16 20 167 317410 1900.658683 3927 584
18 14 14 18 20 167 317410 1900.658683 3927 1546
18 16 16 18 20 167 317410 1900.658683 3927 1056
14 16 14 16 20 167 317410 1900.658683 3927 402
17 14 14 17 20 167 317410 1900.658683 3927 873
16 17 16 17 20 167 317410 1900.658683 3927 877
18 17 17 18 20 167 317410 1900.658683 3927 871
14 14 14 14 20 167 317410 1900.658683 3927 1137
18 17 17 18 20 167 317410 1900.658683 3927 988
18 18 18 18 20 167 317410 1900.658683 3927 1381
17 18 17 18 20 167 317410 1900.658683 3927 308
16 18 16 18 20 167 317410 1900.658683 3927 817
17 14 14 17 20 167 317410 1900.658683 3927 76
17 17 17 17 20 167 317410 1900.658683 3927 369
14 18 14 18 20 167 317410 1900.658683 3927 936
16 18 16 18 20 167 317410 1900.658683 3927 919
16 14 14 16 20 167 317410 1900.658683 3927 402
17 15 15 17 20 167 317410 1900.658683 3927 366
16 16 16 16 20 167 317410 1900.658683 3927 1365
18 17 17 18 20 167 317410 1900.658683 3927 464
17 16 16 17 20 167 317410 1900.658683 3927 1008
14 17 14 17 20 167 317410 1900.658683 3927 1061
19 17 17 19 20 167 317410 1900.658683 3927 441
16 19 16 19 20 167 317410 1900.658683 3927 415
18 16 16 18 20 167 317410 1900.658683 3927 472
18 16 16 18 20 167 317410 1900.658683 3927 1494
16 18 16 18 20 167 317410 1900.658683 3927 1078
16 18 16 18 20 167 317410 1900.658683 3927 759
14 15 14 15 20 167 317410 1900.658683 3927 573
17 18 17 18 20 167 317410 1900.658683 3927 806
17 16 16 17 20 167 317410 1900.658683 3927 699
17 16 16 17 20 167 317410 1900.658683 3927 1316
16 17 16 17 20 167 317410 1900.658683 3927 1316
17 14 14 17 20 167 317410 1900.658683 3927 445
18 18 18 18 20 167 317410 1900.658683 3927 1028
17 16 16 17 20 167 317410 1900.658683 3927 1081
14 14 14 14 20 167 317410 1900.658683 3927 1137
17 16 16 17 20 167 317410 1900.658683 3927 242
17 19 17 19 20 167 317410 1900.658683 3927 505
16 17 16 17 20 167 317410 1900.658683 3927 326
18 17 17 18 20 167 317410 1900.658683 3927 941
16 16 16 16 20 167 317410 1900.658683 3927 584
14 15 14 15 20 167 317410 1900.658683 3927 663
