19 18 18 19 20 169 330710 1956.863905 3942 763
18 18 18 18 20 169 330710 1956.863905 3942 784
18 15 15 18 20 169 330710 1956.863905 3942 1850
15 18 15 18 20 169 330710 1956.863905 3942 1330
18 19 18 19 20 169 330710 1956.863905 3942 1087
19 13 13 19 20 169 330710 1956.863905 3942 1262
18 15 15 18 20 169 330710 1956.863905 3942 1330
15 18 15 18 20 169 330710 1956.863905 3942 353
13 19 13 19 20 169 330710 1956.863905 3942 765
15 18 15 18 20 169 330710 1956.863905 3942 1859
19 19 19 19 20 169 330710 1956.863905 3942 71
17 18 17 18 20 169 330710 1956.863905 3942 1047
17 17 17 17 20 169 330710 1956.863905 3942 808
19 17 17 19 20 169 330710 1956.863905 3942 1339
17 17 17 17 20 169 330710 1956.863905 3942 808
19 16 16 19 20 169 330710 1956.863905 3942 372
17 18 17 18 20 169 330710 1956.863905 3942 1053
15 18 15 18 20 169 330710 1956.863905 3942 1785
19 19 19 19 20 169 330710 1956.863905 3942 1082
15 16 15 16 20 169 330710 1956.863905 3942 1566
16 17 16 17 20 169 330710 1956.863905 3942 627
18 19 18 19 20 169 330710 1956.863905 3942 1279
16 19 16 19 20 169 330710 1956.863905 3942 1112
18 18 18 18 20 169 330710 1956.863905 3942 1073
18 16 16 18 20 169 330710 1956.863905 3942 1483
17 19 17 19 20 169 330710 1956.863905 3942 753
18 15 15 18 20 169 330710 1956.863905 3942 353
18 19 18 19 20 169 330710 1956.863905 3942 1255
15 17 15 17 20 169 330710 1956.863905 3942 2128
17 16 16 17 20 169 330710 1956.863905 3942 1919
16 19 16 19 20 169 330710 1956.863905 3942 1132
17 16 16 17 20 169 330710 1956.863905 3942 32
18 19 18 19 20 169 330710 1956.863905 3942 807
16 15 15 16 20 169 330710 1956.863905 3942 1261
16 16 16 16 20 169 330710 1956.863905 3942 695
17 17 17 17 20 169 330710 1956.863905 3942 808
17 15 15 17 20 169 330710 1956.863905 3942 1156
16 17 16 17 20 169 330710 1956.863905 3942 948
15 16 15 16 20 169 330710 1956.863905 3942 993
15 18 15 18 20 169 330710 1956.863905 3942 1168
16 19 16 19 20 169 330710 1956.863905 3942 468
19 16 16 19 20 169 330710 1956.863905 3942 1132
19 16 16 19 20 169 330710 1956.863905 3942 1405
17 17 17 17 20 169 330710 1956.863905 3942 972
15 16 15 16 20 169 330710 1956.863905 3942 1354
16 17 16 17 20 169 330710 1956.863905 3942 1010
18 17 17 18 20 169 330710 1956.863905 3942 338
16 17 16 17 20 169 330710 1956.863905 3942 387
16 19 16 19 20 169 330710 1956.863905 3942 1256
15 19 15 19 20 169 330710 1956.863905 3942 1127
15 19 15 19 20 169 330710 1956.863905 3942 1198
18 17 17 18 20 169 330710 1956.863905 3942 703
16 17 16 17 20 169 330710 1956.863905 3942 1435
16 18 16 18 20 169 330710 1956.863905 3942 1319
19 17 17 19 20 169 330710 1956.863905 3942 1339
17 17 17 17 20 169 330710 1956.863905 3942 808
19 18 18 19 20 169 330710 1956.863905 3942 763
19 16 16 19 20 169 330710 1956.863905 3942 539
18 17 17 18 20 169 330710 1956.863905 3942 703
17 18 17 18 20 169 330710 1956.863905 3942 692
16 16 16 16 20 169 330710 1956.863905 3942 1424
18 16 16 18 20 169 330710 1956.863905 3942 1745
18 16 16 18 20 169 330710 1956.863905 3942 1483
17 16 16 17 20 169 330710 1956.863905 3942 1054
16 16 16 16 20 169 330710 1956.863905 3942 919
16 18 16 18 20 169 330710 1956.863905 3942 1105
19 17 17 19 20 169 330710 1956.863905 3942 1108
17 16 16 17 20 169 330710 1956.863905 3942 1659
19 19 19 19 20 169 330710 1956.863905 3942 31
19 13 13 19 20 169 330710 1956.863905 3942 765
19 15 15 19 20 169 330710 1956.863905 3942 556
18 16 16 18 20 169 330710 1956.863905 3942 815
15 17 15 17 20 169 330710 1956.863905 3942 1156
16 16 16 16 20 169 330710 1956.863905 3942 1297
16 18 16 18 20 169 330710 1956.863905 3942 370
16 16 16 16 20 169 330710 1956.863905 3942 695
18 18 18 18 20 169 330710 1956.863905 3942 774
16 16 16 16 20 169 330710 1956.863905 3942 659
17 16 16 17 20 169 330710 1956.863905 3942 1919
15 19 15 19 20 169 330710 1956.863905 3942 454
18 15 15 18 20 169 330710 1956.863905 3942 1168
18 15 15 18 20 169 330710 1956.863905 3942 720
17 19 17 19 20 169 330710 1956.863905 3942 1370
16 19 16 19 20 169 330710 1956.863905 3942 684
19 18 18 19 20 169 330710 1956.863905 3942 865
16 16 16 16 20 169 330710 1956.863905 3942 717
18 18 18 18 20 169 330710 1956.863905 3942 1038
18 16 16 18 20 169 330710 1956.863905 3942 1358
18 18 18 18 20 169 330710 1956.863905 3942 1030
19 19 19 19 20 169 330710 1956.863905 3942 1082
17 19 17 19 20 169 330710 1956.863905 3942 1370
16 16 16 16 20 169 330710 1956.863905 3942 1261
19 13 13 19 20 169 330710 1956.863905 3942 836
15 18 15 18 20 169 330710 1956.863905 3942 1785
19 16 16 19 20 169 330710 1956.863905 3942 481
19 16 16 19 20 169 330710 1956.863905 3942 1740
17 18 17 18 20 169 330710 1956.863905 3942 81
18 17 17 18 20 169 330710 1956.863905 3942 1047
16 18 16 18 20 169 330710 1956.863905 3942 2267
16 16 16 16 20 169 330710 1956.863905 3942 659
