18 18 18 18 20 171 353786 2068.923977 3997 1296
18 17 17 18 20 171 353786 2068.923977 3997 1236
16 16 16 16 20 171 353786 2068.923977 3997 1163
17 16 16 17 20 171 353786 2068.923977 3997 80
17 16 16 17 20 171 353786 2068.923977 3997 794
16 17 16 17 20 171 353786 2068.923977 3997 814
17 16 16 17 20 171 353786 2068.923977 3997 1570
16 19 16 19 20 171 353786 2068.923977 3997 508
19 16 16 19 20 171 353786 2068.923977 3997 900
17 16 16 17 20 171 353786 2068.923977 3997 1206
18 17 17 18 20 171 353786 2068.923977 3997 588
17 18 17 18 20 171 353786 2068.923977 3997 588
16 18 16 18 20 171 353786 2068.923977 3997 1626
16 18 16 18 20 171 353786 2068.923977 3997 614
18 16 16 18 20 171 353786 2068.923977 3997 894
17 16 16 17 20 171 353786 2068.923977 3997 717
19 16 16 19 20 171 353786 2068.923977 3997 1726
16 19 16 19 20 171 353786 2068.923977 3997 1726
17 16 16 17 20 171 353786 2068.923977 3997 416
17 19 17 19 20 171 353786 2068.923977 3997 1026
16 17 16 17 20 171 353786 2068.923977 3997 34
17 19 17 19 20 171 353786 2068.923977 3997 1223
18 16 16 18 20 171 353786 2068.923977 3997 1140
16 17 16 17 20 171 353786 2068.923977 3997 521
18 16 16 18 20 171 353786 2068.923977 3997 474
18 17 17 18 20 171 353786 2068.923977 3997 526
17 16 16 17 20 171 353786 2068.923977 3997 814
17 17 17 17 20 171 353786 2068.923977 3997 776
19 16 16 19 20 171 353786 2068.923977 3997 260
19 16 16 19 20 171 353786 2068.923977 3997 1170
16 16 16 16 20 171 353786 2068.923977 3997 1049
16 18 16 18 20 171 353786 2068.923977 3997 225
18 17 17 18 20 171 353786 2068.923977 3997 1011
16 16 16 16 20 171 353786 2068.923977 3997 937
16 16 16 16 20 171 353786 2068.923977 3997 1117
16 18 16 18 20 171 353786 2068.923977 3997 998
16 16 16 16 20 171 353786 2068.923977 3997 591
19 16 16 19 20 171 353786 2068.923977 3997 641
17 16 16 17 20 171 353786 2068.923977 3997 642
17 16 16 17 20 171 353786 2068.923977 3997 1105
19 16 16 19 20 171 353786 2068.923977 3997 260
19 19 19 19 20 171 353786 2068.923977 3997 1182
16 18 16 18 20 171 353786 2068.923977 3997 1630
16 17 16 17 20 171 353786 2068.923977 3997 927
16 17 16 17 20 171 353786 2068.923977 3997 1206
16 19 16 19 20 171 353786 2068.923977 3997 922
16 16 16 16 20 171 353786 2068.923977 3997 336
16 17 16 17 20 171 353786 2068.923977 3997 1206
16 19 16 19 20 171 353786 2068.923977 3997 988
16 17 16 17 20 171 353786 2068.923977 3997 808
18 16 16 18 20 171 353786 2068.923977 3997 1499
16 16 16 16 20 171 353786 2068.923977 3997 591
16 16 16 16 20 171 353786 2068.923977 3997 1098
19 17 17 19 20 171 353786 2068.923977 3997 1708
18 16 16 18 20 171 353786 2068.923977 3997 722
16 18 16 18 20 171 353786 2068.923977 3997 1029
16 16 16 16 20 171 353786 2068.923977 3997 1035
17 16 16 17 20 171 353786 2068.923977 3997 521
16 17 16 17 20 171 353786 2068.923977 3997 260
16 18 16 18 20 171 353786 2068.923977 3997 601
16 17 16 17 20 171 353786 2068.923977 3997 78
18 17 17 18 20 171 353786 2068.923977 3997 462
16 18 16 18 20 171 353786 2068.923977 3997 894
17 16 16 17 20 171 353786 2068.923977 3997 78
18 16 16 18 20 171 353786 2068.923977 3997 313
19 17 17 19 20 171 353786 2068.923977 3997 977
16 19 16 19 20 171 353786 2068.923977 3997 668
17 16 16 17 20 171 353786 2068.923977 3997 1701
16 17 16 17 20 171 353786 2068.923977 3997 80
19 16 16 19 20 171 353786 2068.923977 3997 508
16 19 16 19 20 171 353786 2068.923977 3997 1170
18 17 17 18 20 171 353786 2068.923977 3997 1143
17 18 17 18 20 171 353786 2068.923977 3997 462
16 16 16 16 20 171 353786 2068.923977 3997 1163
17 16 16 17 20 171 353786 2068.923977 3997 721
17 19 17 19 20 171 353786 2068.923977 3997 934
17 16 16 17 20 171 353786 2068.923977 3997 34
16 16 16 16 20 171 353786 2068.923977 3997 1163
17 19 17 19 20 171 353786 2068.923977 3997 932
16 16 16 16 20 171 353786 2068.923977 3997 872
16 19 16 19 20 171 353786 2068.923977 3997 900
18 16 16 18 20 171 353786 2068.923977 3997 722
16 16 16 16 20 171 353786 2068.923977 3997 1163
18 19 18 19 20 171 353786 2068.923977 3997 214
16 16 16 16 20 171 353786 2068.923977 3997 22
19 16 16 19 20 171 353786 2068.923977 3997 668
18 17 17 18 20 171 353786 2068.923977 3997 360
16 16 16 16 20 171 353786 2068.923977 3997 1049
18 17 17 18 20 171 353786 2068.923977 3997 235
17 19 17 19 20 171 353786 2068.923977 3997 1316
16 16 16 16 20 171 353786 2068.923977 3997 1071
18 17 17 18 20 171 353786 2068.923977 3997 1143
17 19 17 19 20 171 353786 2068.923977 3997 1751
16 18 16 18 20 171 353786 2068.923977 3997 1243
17 19 17 19 20 171 353786 2068.923977 3997 654
16 16 16 16 20 171 353786 2068.923977 3997 1049
16 17 16 17 20 171 353786 2068.923977 3997 786
17 17 17 17 20 171 353786 2068.923977 3997 196
16 19 16 19 20 171 353786 2068.923977 3997 922
18 16 16 18 20 171 353786 2068.923977 3997 758
