15 18 15 18 20 169 364982 2159.656805 3886 1329
17 18 17 18 20 169 364982 2159.656805 3886 1845
18 18 18 18 20 169 364982 2159.656805 3886 1941
18 17 17 18 20 169 364982 2159.656805 3886 1320
17 17 17 17 20 169 364982 2159.656805 3886 1239
17 18 17 18 20 169 364982 2159.656805 3886 1646
18 19 18 19 20 169 364982 2159.656805 3886 1041
16 17 16 17 20 169 364982 2159.656805 3886 1149
15 17 15 17 20 169 364982 2159.656805 3886 1194
18 17 17 18 20 169 364982 2159.656805 3886 394
19 18 18 19 20 169 364982 2159.656805 3886 900
17 17 17 17 20 169 364982 2159.656805 3886 1329
16 16 16 16 20 169 364982 2159.656805 3886 241
19 17 17 19 20 169 364982 2159.656805 3886 2039
17 18 17 18 20 169 364982 2159.656805 3886 676
17 15 15 17 20 169 364982 2159.656805 3886 1120
15 18 15 18 20 169 364982 2159.656805 3886 651
15 16 15 16 20 169 364982 2159.656805 3886 1275
16 17 16 17 20 169 364982 2159.656805 3886 1142
18 17 17 18 20 169 364982 2159.656805 3886 1920
16 17 16 17 20 169 364982 2159.656805 3886 1565
17 16 16 17 20 169 364982 2159.656805 3886 1565
16 17 16 17 20 169 364982 2159.656805 3886 1453
19 17 17 19 20 169 364982 2159.656805 3886 1246
16 17 16 17 20 169 364982 2159.656805 3886 646
16 18 16 18 20 169 364982 2159.656805 3886 1274
19 17 17 19 20 169 364982 2159.656805 3886 2010
17 15 15 17 20 169 364982 2159.656805 3886 1643
16 16 16 16 20 169 364982 2159.656805 3886 826
17 17 17 17 20 169 364982 2159.656805 3886 1036
16 19 16 19 20 169 364982 2159.656805 3886 1206
17 17 17 17 20 169 364982 2159.656805 3886 1359
17 16 16 17 20 169 364982 2159.656805 3886 833
16 16 16 16 20 169 364982 2159.656805 3886 1228
18 16 16 18 20 169 364982 2159.656805 3886 1807
17 19 17 19 20 169 364982 2159.656805 3886 876
16 19 16 19 20 169 364982 2159.656805 3886 1398
16 17 16 17 20 169 364982 2159.656805 3886 1318
17 18 17 18 20 169 364982 2159.656805 3886 2111
17 17 17 17 20 169 364982 2159.656805 3886 1143
17 19 17 19 20 169 364982 2159.656805 3886 1874
16 17 16 17 20 169 364982 2159.656805 3886 954
16 16 16 16 20 169 364982 2159.656805 3886 1228
16 17 16 17 20 169 364982 2159.656805 3886 646
15 16 15 16 20 169 364982 2159.656805 3886 1231
17 18 17 18 20 169 364982 2159.656805 3886 999
18 16 16 18 20 169 364982 2159.656805 3886 1311
18 19 18 19 20 169 364982 2159.656805 3886 1255
17 16 16 17 20 169 364982 2159.656805 3886 1651
17 16 16 17 20 169 364982 2159.656805 3886 1565
17 17 17 17 20 169 364982 2159.656805 3886 2398
18 17 17 18 20 169 364982 2159.656805 3886 1845
15 19 15 19 20 169 364982 2159.656805 3886 1316
18 19 18 19 20 169 364982 2159.656805 3886 1255
16 17 16 17 20 169 364982 2159.656805 3886 1453
17 18 17 18 20 169 364982 2159.656805 3886 1578
17 17 17 17 20 169 364982 2159.656805 3886 644
17 17 17 17 20 169 364982 2159.656805 3886 370
18 17 17 18 20 169 364982 2159.656805 3886 1826
16 17 16 17 20 169 364982 2159.656805 3886 1278
17 17 17 17 20 169 364982 2159.656805 3886 1329
18 19 18 19 20 169 364982 2159.656805 3886 1255
17 18 17 18 20 169 364982 2159.656805 3886 1417
17 18 17 18 20 169 364982 2159.656805 3886 2111
15 16 15 16 20 169 364982 2159.656805 3886 1231
17 19 17 19 20 169 364982 2159.656805 3886 1020
15 17 15 17 20 169 364982 2159.656805 3886 1280
15 16 15 16 20 169 364982 2159.656805 3886 2095
17 17 17 17 20 169 364982 2159.656805 3886 869
19 15 15 19 20 169 364982 2159.656805 3886 2100
17 15 15 17 20 169 364982 2159.656805 3886 1120
19 18 18 19 20 169 364982 2159.656805 3886 1496
18 17 17 18 20 169 364982 2159.656805 3886 539
16 17 16 17 20 169 364982 2159.656805 3886 498
17 16 16 17 20 169 364982 2159.656805 3886 713
18 16 16 18 20 169 364982 2159.656805 3886 1047
15 16 15 16 20 169 364982 2159.656805 3886 1007
17 17 17 17 20 169 364982 2159.656805 3886 2398
16 17 16 17 20 169 364982 2159.656805 3886 113
17 16 16 17 20 169 364982 2159.656805 3886 1453
17 18 17 18 20 169 364982 2159.656805 3886 2111
16 17 16 17 20 169 364982 2159.656805 3886 908
17 17 17 17 20 169 364982 2159.656805 3886 1385
18 17 17 18 20 169 364982 2159.656805 3886 1826
15 17 15 17 20 169 364982 2159.656805 3886 2177
17 19 17 19 20 169 364982 2159.656805 3886 1806
19 18 18 19 20 169 364982 2159.656805 3886 1995
18 17 17 18 20 169 364982 2159.656805 3886 676
18 18 18 18 20 169 364982 2159.656805 3886 1601
15 17 15 17 20 169 364982 2159.656805 3886 2177
16 18 16 18 20 169 364982 2159.656805 3886 281
17 16 16 17 20 169 364982 2159.656805 3886 833
17 16 16 17 20 169 364982 2159.656805 3886 887
18 17 17 18 20 169 364982 2159.656805 3886 1578
17 17 17 17 20 169 364982 2159.656805 3886 644
17 15 15 17 20 169 364982 2159.656805 3886 1643
15 15 15 15 20 169 364982 2159.656805 3886 1255
17 16 16 17 20 169 364982 2159.656805 3886 1865
17 17 17 17 20 169 364982 2159.656805 3886 869
15 17 15 17 20 169 364982 2159.656805 3886 1643
