0    
620  0    
1844 3835 0    
2663 1726 3035 0    
3535 3462 3387 957  0    
644  -1   343  143  655  0    
3232 2766 -1   1234 852  1780 0    
1794 3691 1175 262  1739 3256 650  0    
715  2472 271  2419 3525 3596 228  1399 0    
2298 2875 2208 377  1663 607  3095 2822 3083 0    
2122 1334 261  3642 2771 658  2248 -1   1930 3005 0    
-1   -1   -1   3900 440  3503 774  3388 3830 -1   2688 0    
3960 1221 3686 3418 3428 1421 3986 3259 1601 886  677  281  0    
924  1613 1350 2675 2189 1223 784  1932 3616 1306 -1   2822 2785 0    
1624 1284 3907 2875 1005 1173 1092 3033 397  -1   -1   -1   1393 -1   0    
929  1108 1170 2537 2045 2540 161  3441 3987 3135 2937 3581 2356 3716 1015 0    
3807 3525 278  1216 2828 2704 3256 898  -1   -1   3541 -1   3981 -1   87   528  0    
2298 2738 2475 723  2087 2652 2682 1266 3300 3052 2533 92   3542 1164 3115 2963 3792 0    
652  2081 2342 2385 3258 2231 2643 3739 2293 365  114  2453 3408 2902 583  1930 -1   3297 0    
2904 143  3486 558  3727 1699 3278 1441 1789 3285 2403 -1   1979 939  2134 3569 2060 503  2977 0    
