0    
2253 0    
1027 3886 0    
453  2774 1638 0    
2601 44   2023 2494 0    
1482 1698 3514 869  -1   0    
2132 2850 153  2790 36   216  0    
1860 3617 3353 3730 3780 302  3913 0    
2639 2244 -1   2716 2806 2794 -1   1676 0    
1260 22   -1   2686 350  439  199  700  2320 0    
-1   2210 1996 1512 223  1365 1187 76   1621 3463 0    
46   2125 2038 2550 1500 745  3319 2282 1898 630  2622 0    
1715 2116 3343 854  1558 1112 100  863  3196 2451 701  3241 0    
3937 1249 3712 3885 359  3667 2373 850  2936 1376 3153 1459 2545 0    
3404 2792 930  2367 3278 3523 -1   3727 3271 1390 1632 3981 3790 1012 0    
1113 3488 991  2337 1785 2687 1316 1658 2558 1222 1356 3462 1468 2214 896  0    
3402 1805 576  3432 1085 3084 -1   1900 1830 319  3802 660  1320 -1   3304 2970 0    
183  1593 2081 2611 3974 3403 1874 3740 -1   3242 3761 99   460  378  2125 3562 2149 0    
2834 1755 2462 1062 3383 3514 3307 42   2443 -1   286  2021 2812 3893 2509 3186 1884 781  0    
2207 3319 1360 3170 2163 3018 242  149  3576 1007 1799 672  883  2431 3171 762  -1   3561 234  0    
