0    
2523 0    
1759 591  0    
3681 760  2601 0    
3288 1477 3900 3736 0    
2553 2584 717  3608 3385 0    
624  265  2349 352  1129 519  0    
-1   2502 25   2240 2820 3844 3025 0    
2197 1527 -1   2425 1993 1070 3529 -1   0    
793  1949 3490 2291 -1   3867 1087 1852 2865 0    
1173 1513 2025 3650 155  3136 -1   1296 530  1549 0    
1905 1403 476  1651 2056 1006 314  641  1779 1118 1841 0    
235  529  -1   1550 2874 3366 3207 2782 1663 2877 3458 370  0    
2775 1795 3385 168  2409 1244 812  293  285  3616 2894 3985 836  0    
2176 2753 2813 204  3623 -1   3427 335  3583 2270 378  1867 448  1554 0    
2881 -1   294  231  1648 3617 2317 2092 3937 212  2818 3537 1027 1314 3404 0    
449  2990 1904 3587 3397 -1   2797 3193 2337 3624 2025 2641 3233 1667 3512 1224 0    
194  421  3459 -1   -1   -1   3507 948  2306 -1   2099 2614 1781 172  1452 1099 -1   0    
2004 762  1559 2673 2428 620  1789 3276 3147 1022 309  2104 3241 432  697  439  1433 3946 0    
2138 3659 2587 694  2774 3733 -1   1527 1960 209  2867 1908 615  1773 2567 3389 2124 3685 531  0    
