0    
1363 0    
731  393  0    
489  1082 3186 0    
1303 46   1370 2853 0    
751  1752 1505 2262 3007 0    
299  -1   683  -1   592  1022 0    
328  2646 321  -1   3084 3591 -1   0    
23   1723 560  -1   2401 2908 276  572  0    
3975 2204 1278 2126 301  1019 54   2846 115  0    
839  669  2102 1823 3003 1949 -1   736  3258 142  0    
3841 2345 3917 429  1241 2171 2157 3011 2397 1388 2208 0    
3205 3860 2741 3026 1064 2740 -1   477  1233 1782 1442 -1   0    
1741 2967 -1   2074 2856 3976 1903 3894 170  2481 3613 3001 753  0    
332  554  2067 2031 2510 3697 1295 3484 287  3033 162  2686 3249 2675 0    
3879 1870 1937 3411 2639 2352 919  2039 859  1499 -1   1559 2707 3737 535  0    
3322 1819 2649 2994 3977 313  3655 3149 834  3385 -1   3957 1526 284  2702 2794 0    
1385 -1   3160 1708 353  1245 2102 3838 1366 2696 814  1011 1778 1192 3234 1764 3954 0    
3743 2752 3716 3590 2658 3661 3818 2012 2157 -1   973  1013 1693 2566 2596 347  972  316  0    
-1   -1   497  454  -1   381  3513 2936 -1   1409 3964 854  2259 2024 348  1315 3541 911  1228 0    
