0    
2421 0    
2337 3155 0    
365  1334 1167 0    
689  2777 770  304  0    
3840 3858 980  3867 -1   0    
308  2603 695  1501 1366 552  0    
2428 1535 3244 2188 3282 3379 3953 0    
2444 744  2418 -1   2051 -1   3736 2065 0    
3133 -1   2107 1924 3368 139  1163 2538 2194 0    
1391 3784 2523 3198 3174 1723 721  1561 2095 17   0    
3470 3204 -1   2918 2033 3648 59   1883 2618 2947 3652 0    
575  1314 3289 2345 2836 2847 -1   3858 3479 2184 851  -1   0    
3090 1809 3944 -1   255  -1   -1   2351 3527 3982 1316 731  939  0    
2531 321  3202 1789 2619 2833 2416 2349 3793 3696 637  1292 131  1328 0    
1800 3618 3570 2483 3036 3127 1212 2121 2855 3769 2801 2613 1380 1636 1489 0    
3086 3136 -1   725  3772 3743 -1   1869 -1   3669 760  2876 2278 -1   -1   1109 0    
3543 2885 3892 1959 1473 1083 3785 3602 -1   3281 162  256  2957 -1   2170 -1   1407 0    
3829 3378 3476 3601 1899 759  3990 2973 2634 135  2612 2307 -1   1390 -1   -1   -1   1330 0    
1511 1888 2721 3814 -1   -1   1008 2189 3467 -1   1153 344  58   2449 447  3146 252  -1   3524 0    
