0    
2659 0    
3079 2730 0    
1463 397  2852 0    
2483 3993 1137 857  0    
-1   3158 1296 -1   3729 0    
430  -1   -1   -1   2593 2559 0    
2876 2979 1544 2219 576  1631 1424 0    
246  3733 1384 261  727  2645 144  219  0    
47   3556 741  2738 62   3027 22   2657 3936 0    
3078 877  1424 1084 2107 5    -1   3840 3278 3462 0    
-1   3755 -1   1823 -1   2410 3542 175  2538 -1   -1   0    
1439 2180 -1   665  73   3676 1029 2657 2628 1401 -1   172  0    
2639 1043 1651 1960 2594 3352 2469 1922 2959 467  741  603  -1   0    
3056 3989 3157 2729 295  140  3047 3429 -1   1150 2043 263  2441 321  0    
3075 2393 1915 3568 2396 836  658  2322 2253 44   3885 2880 1615 1302 2404 0    
2942 183  427  2736 1412 164  3801 1466 3075 2075 2927 347  2670 3759 1690 3263 0    
3178 3374 666  -1   1886 3456 3390 -1   2073 1898 2344 157  3013 -1   1905 1608 262  0    
1458 968  1536 2243 3008 803  1584 2525 556  3156 1298 431  2652 -1   1157 808  123  1533 0    
2017 978  2059 1452 1621 3885 2013 2747 1085 3559 2808 3827 2618 2324 2749 2314 -1   3008 2765 0    
