0    
-1   0    
1160 1138 0    
1846 798  238  0    
3498 2357 2566 1375 0    
817  736  3546 70   3229 0    
287  464  -1   2634 3848 801  0    
-1   -1   103  1814 3997 223  2943 0    
-1   614  1757 1614 2635 2565 3039 2756 0    
741  2245 2429 1424 2672 3244 2631 1855 1570 0    
3809 973  2653 -1   520  2109 1371 -1   2063 1687 0    
1699 919  1951 366  -1   783  2409 626  3059 309  234  0    
2824 242  -1   195  1718 3732 3027 203  2307 -1   1598 3767 0    
3348 1605 1424 2928 114  264  1718 1320 1744 2904 1649 -1   1715 0    
3365 1416 369  2422 1119 1142 3703 2621 -1   1776 3496 3720 3271 1559 0    
3996 1126 3731 1206 121  -1   3892 2744 1102 3135 2338 1790 1577 2614 930  0    
1528 2779 3632 2005 327  3427 1491 212  372  3494 3458 238  2492 593  1394 1311 0    
757  396  2684 131  525  2724 2773 710  1636 1294 2366 813  -1   2658 2497 1531 3778 0    
3952 2272 1473 -1   1254 3776 3355 696  476  2674 1899 -1   2885 -1   2312 3293 425  -1   0    
2441 3361 3267 2851 -1   2262 1373 890  -1   946  3752 -1   1397 1439 1868 -1   2273 76   -1   0    
