0    
-1   0    
1684 2776 0    
3550 1150 1682 0    
1666 627  602  481  0    
3907 2233 695  1405 2303 0    
942  829  2211 1144 3247 -1   0    
1659 1695 717  3772 -1   2067 737  0    
972  355  3440 2965 734  1862 3384 1131 0    
-1   3921 659  1588 1416 -1   1850 -1   1156 0    
870  -1   1341 2557 -1   2604 353  1806 1783 1760 0    
1775 32   -1   3166 1066 2514 660  -1   -1   2954 1794 0    
1122 2434 1755 873  910  1483 3692 867  81   1168 720  3295 0    
2772 3241 -1   3648 383  3418 1714 2508 2058 2553 -1   3839 1701 0    
3857 1757 1119 1082 1302 1538 2904 2837 1768 2917 2284 2706 1916 559  0    
1268 940  3799 3973 3224 1112 2920 3827 682  2892 454  3857 2765 3848 71   0    
460  348  2232 3798 1892 2470 3761 1321 2960 3749 -1   378  2982 3942 1703 3757 0    
3497 338  -1   940  899  1745 1567 1755 2579 1785 825  2051 2440 752  3334 3738 2012 0    
3632 3347 437  3546 2946 1904 2018 3097 2324 1641 951  877  3925 270  31   3381 3283 2158 0    
2710 1575 1762 2325 -1   -1   2190 783  -1   -1   957  136  -1   -1   1613 765  1165 322  1967 0    
