0    
1310 0    
2049 2766 0    
754  2689 3039 0    
1956 813  3641 2658 0    
3849 270  985  3309 50   0    
1230 -1   1098 3966 591  3845 0    
1109 2253 -1   375  1173 3278 398  0    
2067 2727 544  1115 3511 3046 1626 2191 0    
3388 3755 -1   3999 -1   3712 -1   22   391  0    
2066 1037 1209 299  3259 2824 3079 -1   248  3647 0    
2979 2105 2953 -1   3695 2147 1389 2718 214  2706 616  0    
-1   3557 -1   1765 521  2987 3700 1406 1515 394  3370 2599 0    
3561 -1   3241 1974 2206 2604 -1   379  2754 2584 -1   1860 2171 0    
2511 2529 2039 -1   3357 3843 1435 -1   3789 301  1182 3417 196  1102 0    
1139 1246 2287 3369 3004 3247 707  1678 1955 194  3437 3937 2424 54   1582 0    
2286 668  2196 1933 3864 2032 3717 900  3988 2817 2182 2257 2894 3512 2072 1516 0    
360  -1   2439 -1   2102 3923 3238 1759 2492 2480 960  3586 2721 2357 2436 2278 2392 0    
2256 1705 1597 3224 -1   1621 1057 203  3795 1377 2316 1468 1844 1748 2490 1887 1449 2845 0    
961  1791 2635 78   -1   2747 3024 1317 1896 10   2    2881 984  896  897  -1   3089 776  716  0    
