0    
2907 0    
-1   241  0    
2423 3033 2540 0    
789  3396 1228 361  0    
3611 691  -1   950  1929 0    
3996 3626 1620 845  3820 2296 0    
3987 -1   3282 -1   1344 1969 2558 0    
1394 908  2899 3847 -1   3695 1874 1348 0    
3126 713  -1   2709 2633 646  1101 -1   1340 0    
1427 3375 1274 651  2256 2737 2145 3486 306  2768 0    
2362 646  2979 961  -1   1387 2278 3574 1182 3922 733  0    
3608 -1   498  676  3203 355  900  3241 1645 3888 3271 2923 0    
2717 1651 1988 467  3761 1772 3130 2767 3700 1036 1038 -1   3984 0    
2716 2053 2971 -1   1396 1869 707  2793 3456 2473 3999 1719 1034 700  0    
1698 3428 1363 -1   3408 3432 1254 -1   370  3625 714  2050 644  1601 169  0    
2119 1624 2950 1654 833  2230 3488 3245 2569 3185 -1   1836 2593 3210 2876 2422 0    
1329 3083 1275 2025 -1   2184 3073 1088 -1   1491 604  3757 -1   3046 1973 2786 -1   0    
3097 -1   3445 -1   2640 281  2506 3315 2107 113  1808 3296 1796 -1   1047 2588 3123 1007 0    
900  1228 1331 3622 806  1041 3647 1316 1640 3927 2021 3423 3727 1836 1991 3329 3525 2063 907  0    
