0     
620   0     
986   1187  0     
787   701   486   0     
1299  1178  998   798   0     
644   844   343   143   655   0     
943   1269  499   912   852   842   0     
1049  963   748   262   1060  405   650   0     
715   1335  271   757   1080  614   228   878   0     
1017  1078  740   377   1175  520   1239  639   1011  0     
766   1334  261   747   1259  604   760   1009  532   479   0     
1358  738   1219  815   440   958   774   1077  1002  1167  958   0     
1443  1019  938   1096  721   1239  1055  1358  1209  886   677   281   0     
924   1082  1283  1366  1636  1223  784   1434  1012  1306  1544  1256  1537  0     
1112  1284  365   851   1005  708   625   985   397   948   626   1399  1303  1409  0     
929   1108  660   1073  1013  1003  161   811   389   1400  921   935   1216  945   615   0     
1199  1371  278   764   1092  621   689   898   484   1018  539   1463  1216  1473  87    528   0     
1266  646   1209  723   532   866   866   985   1094  1100  1050  92    373   1164  1491  1027  1487  0     
652   1272  375   742   1373  718   874   1004  646   365   114   1072  791   1576  583   1035  653   1164  0     
763   143   1044  558   1035  701   1369  820   1315  935   1305  595   876   939   1409  1251  1322  503   1300  0     
