0     
698   0     
858   233   0     
453   1034  1107  0     
741   44    189   990   0     
791   296   369   869   252   0     
705   80    153   954   36    216   0     
867   343   488   1104  299   302   335   0     
1944  1888  2033  2397  1844  1978  1880  1676  0     
676   22    255   1056  66    318   102   365   1910  0     
943   267   412   1180  223   378   259   76    1621  289   0     
46    652   812   499   695   745   659   821   1898  630   897   0     
605   180   253   854   136   316   100   435   1980  202   359   559   0     
523   403   548   976   359   611   395   658   2203  425   582   477   495   0     
1535  1163  930   1988  1119  1299  1083  1418  2963  1185  1342  1489  1183  1012  0     
1113  1084  991   1566  1040  1213  1004  911   2558  1106  987   1159  1104  1399  896   0     
706   341   574   1159  385   637   421   684   1830  319   608   660   521   744   1504  1425  0     
145   640   713   598   596   776   560   823   1997  662   819   99    460   378   1390  1258  759   0     
909   385   530   1062  341   344   377   42    1718  407   118   863   477   700   1460  953   726   781   0     
718   322   395   1171  278   451   242   149   1825  344   225   672   342   637   1325  762   663   771   191   0     
