0     
615   0     
684   591   0     
534   617   486   0     
1216  1226  893   737   0     
1143  784   717   871   1084  0     
624   265   790   352   1089  519   0     
659   616   25    461   868   742   813   0     
651   878   603   453   685   1070  805   578   0     
793   1060  506   443   1115  1223  795   531   896   0     
1061  1071  738   582   155   929   934   713   530   960   0     
605   579   476   666   1351  833   314   501   1079  982   1196  0     
235   529   808   652   981   1203  684   783   886   824   826   370   0     
366   593   318   168   896   1035  520   293   285   611   741   794   601   0     
683   821   360   204   533   1075  556   335   657   647   378   818   448   372   0     
765   848   294   231   903   1011  583   319   684   212   748   770   883   399   435   0     
449   1064  1133  983   1665  1592  1073  1108  1100  1242  1510  1054  684   815   1132  1214  0     
194   421   490   340   1068  1205  686   465   457   783   913   799   429   172   544   571   643   0     
798   762   733   600   464   620   952   725   717   651   309   1209  1033  432   687   439   1247  604   0     
850   1144  715   652   995   1151  1004  740   1105  209   840   985   615   820   856   421   1299  992   531   0     
