0     
485   0     
583   393   0     
489   974   951   0     
439   46    439   928   0     
751   1229  878   835   1183  0     
192   401   683   681   355   936   0     
328   714   321   817   760   1079  520   0     
23    462   560   512   416   767   169   351   0     
138   347   675   627   301   882   54    466   115   0     
280   489   817   769   443   891   196   608   257   142   0     
918   1287  1351  429   1241  1235  1110  1246  941   1056  1198  0     
805   1110  798   1294  1064  1350  997   477   828   943   1085  1723  0     
193   632   730   682   586   597   339   521   170   285   427   1111  753   0     
310   554   845   799   600   729   358   638   287   304   162   1202  1115  457   0     
845   1062  1380  1334  1016  1264  893   1173  822   839   697   1360  1650  992   535   0     
477   916   1014  966   870   313   623   805   454   569   711   1395  1037  284   741   1276  0     
792   399   792   1281  353   1245  708   1113  769   654   796   1011  1417  939   953   663   1223  0     
1108  715   1108  1442  669   1285  1024  1429  1085  970   973   1013  1693  1255  882   347   972   316   0     
658   890   497   454   936   381   706   818   635   652   510   854   1295  805   348   883   694   911   1227  0     
