0     
1027  0     
1003  1608  0     
365   1334  1074  0     
669   1638  770   304   0     
860   1114  980   1225  1529  0     
308   913   695   673   977   552   0     
2250  1535  2637  2188  2492  1717  1942  0     
1771  744   2352  2078  2051  1858  1657  2065  0     
802   975   1119  1167  1421  139   494   1578  1719  0     
785   958   1136  1150  1404  156   477   1561  1702  17    0     
367   854   754   732   986   574   59    1883  1598  435   418   0     
575   452   1156  940   1194  924   461   1987  1196  785   768   402   0     
924   1391  1025  559   255   1305  790   2351  2135  1166  1149  731   939   0     
706   321   1287  1071  1325  793   592   1856  1065  654   637   533   131   1070  0     
1520  1810  1907  1834  1891  1764  1212  2121  2554  1706  1689  1271  1380  1636  1489  0     
885   762   1350  725   1029  916   655   1869  1506  777   760   596   310   1249  441   1109  0     
623   1110  1010  988   1242  318   315   1723  1854  179   162   256   658   987   789   1527  852   0     
937   1110  1254  1302  1556  274   629   1713  1854  135   152   570   920   1301  789   1841  912   314   0     
633   510   1098  977   1252  918   403   2045  1254  779   762   344   58    997   189   1361  252   600   914   0     
