0     
871   0     
788   610   0     
474   397   1007  0     
109   775   803   489   0     
544   347   591   744   435   0     
69    802   763   405   84    519   0     
432   705   949   480   420   578   363   0     
213   658   907   261   228   663   144   219   0     
47    824   741   427   62    497   22    385   166   0     
549   352   596   749   440   5     524   583   668   502   0     
354   530   774   655   245   403   329   175   394   307   408   0     
182   702   876   562   73    508   157   347   301   135   513   172   0     
514   808   1052  894   529   461   489   759   633   467   466   584   602   0     
404   487   731   784   295   140   379   438   523   357   145   263   368   321   0     
91    868   785   471   106   541   66    429   210   44    546   351   179   511   401   0     
701   183   427   580   592   164   676   522   679   654   169   347   519   625   304   698   0     
511   445   666   812   402   426   486   332   551   464   431   157   329   741   420   508   262   0     
769   306   550   703   676   287   700   606   556   722   292   431   603   748   427   766   123   385   0     
1298  978   1588  1346  1313  1325  1229  1304  1085  1251  1330  1479  1386  1718  1465  1295  1161  1423  1284  0     
