0     
751   0     
1125  548   0     
887   437   238   0     
1195  885   642   448   0     
817   507   308   70    378   0     
287   464   1012  871   1179  801   0     
1040  445   103   293   539   223   909   0     
1365  614   687   877   699   807   1078  584   0     
741   1112  862   675   874   745   1028  759   919   0     
1284  973   787   600   520   670   1371  684   844   543   0     
1050  803   553   366   565   436   1237  450   610   309   234   0     
993   242   306   195   643   265   706   203   787   870   795   561   0     
1081  771   572   334   114   264   1065  487   813   988   634   679   529   0     
1494  917   369   607   1011  677   1381  472   1056  1231  1156  922   675   941   0     
1316  1006  763   569   121   499   1300  660   820   995   641   686   764   235   930   0     
1252  657   315   505   327   435   1121  212   372   547   472   238   415   441   684   448   0     
757   396   369   131   525   201   860   424   1008  806   731   497   326   465   738   646   636   0     
1677  1082  740   930   752   860   1546  637   476   972   897   663   840   866   1109  873   425   1061  0     
833   472   445   207   601   277   936   500   1084  882   807   573   402   541   814   722   712   76    1137  0     
