0     
808   0     
1684  1229  0     
1916  1108  1083  0     
1435  627   602   481   0     
2379  1919  695   1405  1297  0     
942   692   1346  1144  1319  1919  0     
1659  951   717   1740  1319  1412  737   0     
972   355   1221  954   734   1564  1047  948   0     
2128  1511  659   1588  1261  1354  1850  1376  1156  0     
870   1045  993   1497  1209  1566  353   1090  801   1652  0     
838   32    1261  1140  659   1951  660   919   387   1543  1013  0     
1053  436   1302  873   815   1483  1073  867   81    1168  720   468   0     
1640  1010  707   864   383   1402  1179  1424  1054  1366  826   1042  1135  0     
1339  940   468   1082  684   1163  878   1185  753   1127  525   908   834   301   0     
1268  933   539   1153  755   1112  807   1256  682   1198  454   901   763   372   71    0     
460   348   1577  1456  975   2267  1038  1297  703   1859  1330  378   784   1358  1286  1279  0     
1146  338   1459  940   899   1745  1030  1105  693   1785  825   370   774   752   1053  1087  686   0     
1370  909   437   1113  653   1132  909   1154  784   1096  556   877   865   270   31    102   1255  1022  0     
974   168   1304  1262  795   1877  796   783   523   1679  957   136   604   1074  836   765   514   322   867   0     
