0     
1310  0     
1626  1255  0     
754   1117  872   0     
1630  320   1035  1003  0     
1580  270   985   1053  50    0     
1230  911   1098  508   591   641   0     
864   1071  826   110   937   987   398   0     
1082  1285  544   328   1175  1225  680   282   0     
842   1049  804   88    915   965   420   22    260   0     
834   1037  792   80    927   977   432   34    248   12    0     
1296  1499  758   542   1389  1439  894   496   214   474   462   0     
1236  841   1198  482   521   571   814   416   654   394   406   868   0     
1090  1297  1052  336   1163  1213  668   270   508   248   260   722   642   0     
1143  1037  1105  389   717   767   721   323   561   301   313   775   196   549   0     
1036  1243  998   282   1109  1159  614   216   454   194   206   668   588   54    495   0     
1764  668   1726  1010  988   938   1298  900   1182  922   934   1396  1316  1170  1223  1116  0     
360   1670  1570  854   1701  1751  1206  808   1026  786   778   1240  1180  1034  1087  980   1708  0     
1067  1274  1029  313   1140  1190  601   203   485   225   237   699   619   473   526   419   1103  1011  0     
832   1039  794   78    925   975   430   32    250   10    2     464   404   258   311   204   932   776   235   0     
