0     
2128  0     
2017  241   0     
1150  1415  1174  0     
789   1469  1228  361   0     
1941  691   853   950   1311  0     
1995  1639  1398  845   1206  1255  0     
2133  2256  2363  1705  1344  1969  2550  0     
1394  908   1149  957   1318  1369  1246  1348  0     
1920  713   954   1344  1705  394   1101  2208  1340  0     
1427  1214  1274  651   1012  1601  1496  1654  306   1646  0     
2111  646   887   961   1322  1337  1806  2387  1039  1359  733   0     
1826  739   498   676   1037  355   900   2324  1014  749   1320  1385  0     
1617  1651  1641  467   828   1417  1312  2172  1239  1036  1038  1428  1143  0     
1867  1447  1311  1167  1396  1168  707   1887  539   1160  845   1578  813   700   0     
1698  1278  1142  1320  1565  999   876   1718  370   1329  676   1409  644   869   169   0     
1622  1624  1865  1194  833   2144  2039  2177  2151  2337  1845  1836  1870  1661  2229  2398  0     
1329  1516  1275  1255  1616  1288  2100  1088  910   1120  604   1337  1643  1642  1449  1280  2449  0     
1807  826   1067  1231  1592  281   1214  2095  1453  113   1611  1472  636   1149  1047  1216  2425  1007  0     
900   1228  1331  1167  806   1041  2012  1316  1640  1020  1818  1874  1396  1634  1954  2010  1639  1914  907   0     
